Predicted_Class	P0	P1
1	0.29178774	0.7082122
1	0.3698375	0.63016254
1	0.29380617	0.7061938
1	0.36145514	0.63854486
1	0.39422807	0.6057719
0	0.7642522	0.23574777
1	0.12588125	0.87411875
1	0.05452401	0.945476
1	0.42694092	0.57305914
1	0.121441774	0.87855816
1	0.21576181	0.7842382
0	0.8650653	0.13493471
1	0.23304258	0.76695746
1	0.15538977	0.8446102
1	0.4133785	0.5866215
1	0.2686034	0.73139656
1	0.3890639	0.6109361
1	0.25009647	0.7499035
1	0.020992495	0.9790075
0	0.5322842	0.4677158
1	0.43600053	0.5639995
1	0.240201	0.759799
1	0.34770635	0.6522936
1	0.34126055	0.65873945
0	0.53791064	0.4620894
1	0.3114754	0.6885246
1	0.43597484	0.5640252
1	0.1369386	0.86306137
1	0.07474128	0.9252587
0	0.73107207	0.26892796
1	0.048747342	0.95125264
1	0.0011555832	0.9988444
1	0.075981006	0.92401904
1	0.27548322	0.72451675
0	0.5460973	0.45390272
1	0.21296331	0.7870367
1	0.43074614	0.56925386
0	0.5294151	0.4705849
0	0.5873006	0.41269937
1	0.3652277	0.63477236
0	0.7168723	0.28312773
1	0.21219577	0.78780425
1	0.48192307	0.5180769
1	0.0098937	0.9901063
1	0.26407382	0.7359262
1	0.34504908	0.6549509
1	0.3124933	0.68750674
1	0.37050545	0.62949455
1	0.008283325	0.9917167
1	0.4932031	0.50679684
1	0.14252733	0.85747266
1	0.058702346	0.9412977
1	0.11594195	0.8840581
1	0.48746303	0.51253694
1	0.23306243	0.76693755
1	0.18901287	0.8109872
1	0.4767693	0.5232307
0	0.8412008	0.15879911
1	0.32580557	0.6741944
1	0.079613745	0.9203862
1	0.23917435	0.76082563
0	0.7376205	0.26237956
1	0.23413278	0.76586723
1	0.3173259	0.6826741
1	0.4520285	0.5479715
1	0.23289067	0.7671094
0	0.92653	0.07346995
1	0.3175704	0.6824296
1	0.19777724	0.8022227
1	0.47057176	0.52942824
1	0.049828254	0.9501717
0	0.9316621	0.06833791
1	0.4596987	0.5403013
1	0.11432623	0.8856738
1	0.052791983	0.94720805
1	0.059760094	0.9402399
1	0.3893005	0.6106995
0	0.79989123	0.20010881
1	0.005271393	0.9947286
1	0.31515783	0.68484217
1	0.016676491	0.9833235
1	0.26551405	0.7344859
0	0.6176032	0.38239682
1	0.13464555	0.8653545
1	0.0020724407	0.99792755
1	0.055446822	0.9445532
1	0.00030381978	0.99969625
1	0.024469808	0.97553027
1	0.31836787	0.6816321
1	0.2795856	0.72041446
0	0.61794513	0.3820548
1	0.06432875	0.93567127
1	0.30455345	0.6954465
1	0.45351774	0.54648226
0	0.5758978	0.42410216
1	0.3255002	0.67449975
1	0.34869128	0.6513088
1	0.13067277	0.86932725
1	0.08738939	0.9126106
1	0.1442026	0.85579735
1	0.30226153	0.69773847
1	0.08261285	0.9173871
1	0.020580923	0.9794191
1	0.21795447	0.7820455
1	0.055471446	0.9445285
1	0.17121144	0.8287885
1	0.31426844	0.6857316
1	0.2033229	0.79667705
0	0.6479133	0.35208678
1	0.016140018	0.98386
1	0.0048918496	0.99510807
1	0.14722927	0.85277075
1	0.057488732	0.9425113
1	0.32285196	0.6771481
1	0.15231925	0.84768075
1	0.44277614	0.5572239
1	0.35919204	0.6408079
1	0.27258027	0.72741973
1	0.08244064	0.9175594
1	0.18260895	0.81739104
1	0.053432353	0.9465676
1	0.0045269704	0.99547297
0	0.6872713	0.31272873
1	0.26849955	0.73150045
1	0.42682016	0.5731799
1	0.0306614	0.96933866
1	0.078640535	0.92135954
0	0.69263834	0.30736163
1	0.25491548	0.7450845
1	0.0048489193	0.99515104
1	0.38032624	0.6196738
1	0.07413234	0.9258676
1	0.2964822	0.7035178
1	0.28182605	0.718174
1	0.3070418	0.6929582
0	0.660296	0.33970395
1	0.35318124	0.64681876
1	0.0062279706	0.9937721
0	0.9210546	0.078945346
1	0.079283774	0.9207162
1	0.0064027137	0.99359727
1	0.26057586	0.7394241
1	0.020270096	0.9797299
1	0.070595846	0.9294042
1	0.0696095	0.9303905
1	0.44464952	0.5553505
1	0.3050725	0.6949276
1	0.14939584	0.8506042
1	0.32750276	0.6724972
1	0.15539722	0.84460276
1	0.0065253763	0.99347466
1	0.46794197	0.53205806
1	0.34469798	0.65530205
1	0.056939982	0.9430601
1	0.15783478	0.84216523
1	0.27562016	0.72437984
0	0.51476675	0.48523325
1	0.023552852	0.97644717
1	0.32921937	0.6707806
0	0.5780449	0.42195508
1	0.4659976	0.53400236
1	0.16483942	0.83516055
1	0.27213138	0.72786856
1	0.42179874	0.57820123
1	0.062262263	0.93773776
1	0.019722305	0.9802777
1	0.326925	0.673075
1	0.49539492	0.5046051
0	0.8720168	0.12798326
0	0.69043446	0.30956554
0	0.7186869	0.28131315
1	0.42939085	0.5706092
1	0.4303054	0.56969464
1	0.36701867	0.63298136
0	0.53677726	0.46322277
1	0.32347316	0.67652684
1	0.120157294	0.87984276
1	0.2968847	0.70311534
1	0.3272981	0.67270195
1	0.08112547	0.91887456
1	0.00083223917	0.9991678
0	0.68700373	0.3129963
1	0.052938055	0.94706196
0	0.6951325	0.3048675
1	0.096459754	0.90354025
1	0.43014678	0.56985325
1	0.29948592	0.700514
0	0.62582684	0.37417316
1	0.0886195	0.9113805
1	0.15283035	0.8471697
1	0.08383637	0.9161637
1	0.39765134	0.6023486
1	0.23779458	0.7622054
0	0.58993137	0.4100686
0	0.67222667	0.32777333
0	0.5432349	0.4567651
0	0.7710698	0.22893019
1	0.0121565005	0.9878435
1	0.3540077	0.6459923
1	0.36353096	0.636469
0	0.872459	0.12754098
0	0.9446821	0.0553179
0	0.8434255	0.1565745
1	0.031258173	0.96874183
1	0.0891316	0.9108684
1	0.47200784	0.5279922
0	0.5513938	0.44860616
1	0.012258849	0.9877412
1	0.05926765	0.9407323
1	0.07247716	0.9275228
1	0.30502677	0.69497323
1	0.07846624	0.9215338
1	0.48116103	0.51883894
1	0.039857	0.96014297
1	0.18212283	0.8178772
1	0.31190318	0.6880968
1	0.35974163	0.64025843
1	0.011012557	0.9889874
1	0.48646307	0.51353693
1	0.49603167	0.50396836
1	0.2825412	0.71745884
1	0.3391669	0.6608331
1	0.015248679	0.9847513
1	0.21460952	0.7853905
1	0.06305518	0.9369448
1	0.1440149	0.8559851
1	0.24451265	0.7554873
1	0.07628555	0.9237145
0	0.83262444	0.16737556
1	0.009038609	0.9909614
1	0.46441263	0.5355874
1	0.1911227	0.80887735
1	0.0126818055	0.9873182
1	0.37348855	0.6265115
1	0.117288396	0.8827116
1	0.44363192	0.55636805
1	0.02201389	0.97798604
0	0.5167246	0.48327538
1	0.13749309	0.8625069
0	0.6155137	0.38448638
1	0.2220538	0.77794623
0	0.83598995	0.16401008
1	0.3270946	0.6729054
0	0.5585366	0.4414634
1	0.27171552	0.7282845
1	0.25406578	0.74593425
1	0.28454262	0.7154574
1	0.38828555	0.6117145
1	0.014027637	0.9859723
1	0.30459645	0.6954035
1	0.008953576	0.99104637
1	0.14977676	0.85022324
1	0.11623452	0.88376546
1	0.10873896	0.89126104
1	0.20046297	0.799537
1	0.09438004	0.9056199
1	0.16705193	0.8329481
0	0.56651706	0.433483
1	0.2672621	0.7327379
1	0.0071561723	0.9928438
1	0.25864497	0.741355
1	0.36296782	0.6370322
0	0.66388345	0.3361166
1	0.01668892	0.98331106
1	0.4450511	0.55494887
1	0.20222549	0.79777455
1	0.0986809	0.901319
0	0.523564	0.476436
1	0.053577997	0.94642204
1	0.0010113535	0.9989887
0	0.5433073	0.45669276
1	0.16491131	0.83508873
1	0.2030058	0.7969942
1	0.0012199049	0.9987801
1	0.003441754	0.99655825
1	0.34517354	0.65482646
1	0.34225067	0.6577493
1	0.024297515	0.97570246
1	0.018411878	0.9815881
0	0.73529345	0.26470652
0	0.59410644	0.40589362
0	0.6739525	0.3260475
1	0.28622463	0.7137754
1	0.016940558	0.9830594
1	0.1287012	0.8712988
1	0.010209094	0.989791
1	0.12556104	0.87443894
1	0.22618325	0.77381676
1	0.044132955	0.95586705
1	0.17436609	0.8256339
1	0.082684435	0.9173156
1	0.28703138	0.71296865
1	0.23840924	0.7615907
0	0.8331067	0.16689332
1	0.11756996	0.8824301
1	0.0030415875	0.9969584
1	0.4359919	0.5640081
0	0.7082863	0.29171368
0	0.6354515	0.36454844
1	0.25530934	0.74469066
1	0.45780784	0.54219216
1	0.43037865	0.5696214
0	0.539384	0.46061596
1	0.09864036	0.9013596
0	0.5381445	0.46185544
1	0.38748285	0.6125172
1	0.00010349673	0.9998965
1	0.012143463	0.9878565
1	0.4271837	0.57281625
1	0.016671278	0.9833287
0	0.60985535	0.39014465
0	0.55472904	0.44527096
1	0.4302728	0.56972724
1	0.35892785	0.6410721
1	0.23353055	0.7664694
0	0.8582994	0.1417006
1	0.07109653	0.9289035
1	0.29347557	0.7065244
0	0.89429796	0.10570206
1	0.23119591	0.76880413
1	0.3183118	0.6816882
1	0.3659682	0.6340318
1	0.16289891	0.8371011
1	0.01785001	0.98215
1	0.38190162	0.6180984
1	0.3371972	0.66280276
1	0.09406571	0.9059343
1	0.019288432	0.98071164
1	0.40067396	0.599326
0	0.73466474	0.26533526
1	0.30744213	0.6925578
1	0.049478546	0.9505214
1	0.13555531	0.86444473
0	0.6151831	0.38481688
1	0.19682185	0.8031782
1	0.037484217	0.9625158
1	0.45245534	0.54754466
1	0.21335354	0.7866465
1	0.33355632	0.6664437
1	0.2178718	0.7821282
1	0.023056515	0.97694343
1	0.22110072	0.77889925
0	0.7578609	0.24213906
1	0.30211997	0.69788
1	0.01496254	0.9850375
1	0.46696675	0.53303325
1	0.16520771	0.83479226
1	0.2760921	0.7239078
1	0.34541267	0.6545873
0	0.59283346	0.4071665
1	0.010380919	0.9896191
0	0.5600043	0.43999568
1	0.26778618	0.7322138
0	0.6170302	0.38296977
0	0.5465175	0.4534825
1	0.029451355	0.9705486
1	0.23112279	0.7688772
1	0.05795754	0.9420424
0	0.63090295	0.36909705
1	0.13267769	0.8673223
0	0.5073849	0.49261507
1	0.007727545	0.9922725
1	0.04728448	0.9527156
1	0.29001883	0.7099812
1	0.30653086	0.69346917
1	0.33731544	0.6626845
1	0.0005345282	0.9994655
1	0.09064201	0.90935796
1	0.026654536	0.9733455
1	0.34065595	0.6593441
1	0.37332305	0.6266769
0	0.5388981	0.46110183
0	0.69735897	0.30264103
1	0.008660202	0.99133974
0	0.8971484	0.1028516
0	0.5725219	0.42747808
0	0.5499016	0.45009837
0	0.65680146	0.34319854
1	0.00504721	0.9949528
1	0.11725145	0.8827486
1	0.33349356	0.66650647
0	0.5084074	0.49159262
1	0.33009434	0.6699057
1	0.0696316	0.93036836
1	0.33712015	0.6628798
1	0.39516366	0.60483634
1	0.15081063	0.84918934
1	0.25329348	0.74670655
1	0.29698136	0.7030186
0	0.56755966	0.43244037
0	0.5997256	0.40027437
0	0.54789	0.45211
0	0.58420247	0.41579756
1	0.0026127729	0.99738723
1	0.03331329	0.9666868
1	0.0016901434	0.99830985
1	0.15206257	0.84793746
1	0.35291478	0.6470852
1	0.28268576	0.7173142
1	0.09902705	0.90097296
1	0.055519085	0.9444809
1	0.48412955	0.5158704
1	0.06418299	0.93581706
1	0.11978962	0.88021034
1	0.46582046	0.5341795
1	0.36903048	0.63096946
1	0.12458883	0.87541115
1	0.13509053	0.86490947
1	0.43791646	0.56208354
1	0.13482092	0.865179
1	0.09818732	0.9018127
0	0.70055443	0.29944554
1	0.45909938	0.5409006
1	0.10475773	0.8952423
1	0.13939695	0.8606031
1	0.29682988	0.70317006
1	0.4181772	0.58182275
1	0.3493351	0.6506649
1	0.3660487	0.6339513
0	0.56441724	0.43558282
1	0.0854646	0.9145354
1	0.25289282	0.7471072
1	0.18227871	0.8177213
1	0.12114668	0.87885326
1	0.053425558	0.94657445
1	0.0037394857	0.99626046
1	0.41250315	0.5874969
0	0.75323194	0.24676804
1	0.0040380047	0.99596196
1	0.00015133733	0.9998486
1	0.25571033	0.7442897
1	0.17870927	0.8212908
1	0.4567326	0.54326737
1	0.39676988	0.6032302
0	0.7373681	0.26263183
0	0.5215994	0.47840062
0	0.5770038	0.42299622
1	0.06486477	0.9351352
1	0.0035383282	0.9964617
1	0.116532296	0.8834677
1	0.07894329	0.92105675
1	0.47950217	0.52049786
1	0.34428647	0.65571356
1	0.00012762207	0.9998723
1	0.15086684	0.8491332
0	0.51107347	0.48892653
1	0.21989945	0.7801006
1	0.31825206	0.681748
1	0.02817586	0.9718241
0	0.68292534	0.3170747
1	0.34243032	0.6575697
1	0.24124046	0.75875956
1	0.19717072	0.80282927
1	0.0015158938	0.9984841
1	0.19548921	0.8045108
1	0.4333599	0.5666401
1	0.31673738	0.68326265
1	0.0017992774	0.99820065
1	0.15672088	0.84327906
1	0.3081101	0.69188994
0	0.8714483	0.12855174
1	0.02380476	0.9761953
1	0.37683788	0.6231621
1	0.28632653	0.7136735
1	0.026310336	0.9736897
0	0.55499405	0.44500595
0	0.7383504	0.26164958
1	0.01144368	0.9885563
0	0.7087976	0.29120243
0	0.5992156	0.4007844
1	0.24306604	0.7569339
0	0.7627601	0.23723997
0	0.5149772	0.4850228
1	0.40455034	0.5954497
1	0.022947488	0.97705245
1	0.48007214	0.51992786
1	0.44221812	0.5577819
1	0.25988242	0.74011755
1	0.2660909	0.7339091
1	0.033898197	0.9661018
1	0.07713652	0.92286354
1	0.15456635	0.84543365
1	0.21888873	0.7811113
0	0.5843178	0.41568223
1	0.011601058	0.9883989
0	0.63865256	0.3613474
1	0.018169004	0.981831
1	0.058110245	0.94188976
1	0.2456678	0.75433224
1	0.02130023	0.97869974
1	0.48094007	0.51905996
1	0.2517556	0.74824435
0	0.5564182	0.44358182
1	0.121416375	0.8785836
1	0.103137635	0.8968623
1	0.21610829	0.78389174
1	0.0024275098	0.9975725
0	0.59699607	0.40300393
1	0.47128972	0.52871025
1	0.14029725	0.85970277
1	0.02760208	0.97239786
1	0.0008864833	0.9991135
0	0.698752	0.301248
1	0.004148948	0.99585104
1	0.0036476378	0.9963523
1	0.20549454	0.7945055
1	0.18923864	0.81076133
1	0.39036062	0.6096394
1	0.034675013	0.96532506
0	0.58017445	0.4198255
1	0.3694597	0.6305403
1	0.044640508	0.9553595
0	0.8257586	0.17424142
1	0.15255748	0.8474425
1	0.20940107	0.7905989
1	0.27681777	0.72318226
1	0.04052673	0.9594733
1	0.4696906	0.5303094
1	0.017051086	0.9829489
1	0.036647055	0.963353
1	0.00047967315	0.9995203
0	0.5966291	0.40337092
0	0.6212026	0.37879738
1	0.03849734	0.9615027
1	0.024150768	0.9758493
1	0.23442131	0.7655787
1	0.003818428	0.9961816
1	0.0099815065	0.9900185
1	0.058527447	0.94147253
1	0.44219524	0.55780476
1	0.058418293	0.9415817
1	0.31777224	0.6822278
1	0.063528985	0.93647105
0	0.53931177	0.46068826
1	0.098300345	0.9016997
1	0.2850426	0.7149574
1	0.33248407	0.667516
1	0.041054875	0.9589451
1	0.32617572	0.6738243
1	0.083252065	0.91674787
1	0.34616777	0.65383226
1	0.31900516	0.68099487
1	0.00117659	0.99882334
1	0.33784783	0.6621521
1	0.17849952	0.82150054
0	0.65911305	0.340887
1	0.27948081	0.7205192
1	0.39252347	0.60747653
0	0.58408564	0.4159143
0	0.9583364	0.041663542
1	0.38385674	0.6161432
1	0.41105583	0.58894414
1	0.4256708	0.57432926
1	0.44046673	0.5595333
1	0.34905902	0.65094095
0	0.71207887	0.2879211
1	0.33220375	0.66779625
1	0.3450504	0.6549496
1	0.051519122	0.9484809
1	0.3171781	0.68282187
1	0.28861564	0.71138436
0	0.7889108	0.21108916
0	0.83972067	0.16027932
1	0.047777377	0.95222265
1	0.2751943	0.7248057
0	0.5276221	0.4723779
1	0.0880999	0.9119001
1	0.10426301	0.89573693
1	0.23704064	0.76295936
1	0.07527442	0.92472553
1	0.49753827	0.50246173
0	0.7253423	0.27465773
1	0.00495855	0.99504143
1	0.3326542	0.6673458
1	0.060550466	0.93944955
1	0.039402526	0.9605975
0	0.5165973	0.48340267
0	0.5410786	0.45892137
1	0.007939522	0.9920604
0	0.8937229	0.10627718
0	0.5233338	0.4766662
1	0.26855415	0.73144585
1	0.41065708	0.5893429
1	0.3308408	0.66915923
1	0.0030863187	0.9969137
0	0.6087982	0.3912018
0	0.69030255	0.3096974
1	0.33105153	0.6689484
1	0.11366988	0.8863302
1	0.12514295	0.87485707
1	0.054953877	0.94504607
1	0.35550383	0.64449614
1	0.24995585	0.75004417
1	0.46525893	0.53474104
1	0.21049173	0.78950834
1	0.003831366	0.9961687
1	0.47151187	0.52848816
1	0.21275933	0.7872406
1	0.0059897485	0.9940103
1	0.30725414	0.69274586
1	0.15642816	0.8435718
1	0.023506355	0.97649366
1	0.46945444	0.53054553
0	0.5933938	0.40660623
1	0.2991591	0.7008409
1	0.00058773847	0.9994123
1	0.41455466	0.5854453
1	0.10645332	0.89354664
1	0.13801208	0.86198795
1	0.07613438	0.92386556
1	0.060164418	0.9398356
1	0.4780307	0.52196926
0	0.6127112	0.38728878
0	0.70995945	0.29004058
0	0.9073728	0.09262723
1	0.4786434	0.5213566
1	0.22058459	0.7794154
1	0.008687473	0.99131256
1	0.0007269716	0.999273
1	0.043980926	0.9560191
1	0.4518398	0.54816025
1	0.0034715266	0.99652845
1	0.14620183	0.85379815
0	0.5709207	0.42907926
1	0.14083482	0.8591652
0	0.6024733	0.39752668
0	0.8609251	0.1390749
0	0.60527635	0.39472368
1	0.4094849	0.59051514
0	0.81214684	0.18785316
1	0.13290384	0.8670961
1	0.045785416	0.9542146
1	0.017118262	0.9828818
1	0.21665165	0.7833483
1	0.03570977	0.96429026
1	0.19066185	0.80933815
1	0.2429593	0.7570407
1	0.13303797	0.86696196
1	0.0011648173	0.99883515
1	0.004649506	0.9953505
0	0.873747	0.12625305
1	0.34627378	0.6537262
1	0.22335139	0.7766486
0	0.84396356	0.1560364
0	0.67585975	0.32414022
1	0.2835465	0.7164535
1	0.039551158	0.9604488
1	0.47764006	0.5223599
1	0.24009505	0.759905
0	0.5635237	0.4364763
1	0.083461545	0.9165384
0	0.8163486	0.18365137
1	0.05370222	0.94629776
1	0.007596013	0.9924039
1	0.20920677	0.79079324
1	0.1776486	0.82235134
1	0.43833333	0.5616667
0	0.5794768	0.42052317
1	0.18484163	0.81515837
1	0.445476	0.554524
1	0.0007614803	0.9992385
1	0.022129947	0.97787
1	0.110201076	0.88979894
1	0.07944969	0.92055035
1	0.2096196	0.7903804
0	0.53342026	0.46657974
1	0.2521247	0.74787533
1	0.42234814	0.57765186
0	0.5599522	0.4400478
1	0.19565983	0.8043402
0	0.5017219	0.49827805
1	0.10355981	0.8964402
1	0.2060456	0.79395443
1	0.13812009	0.8618799
0	0.6053082	0.39469182
1	0.0007492683	0.9992507
1	0.1440728	0.8559272
0	0.85289747	0.14710256
1	0.33734176	0.6626583
1	0.0216485	0.97835153
0	0.8444328	0.1555672
1	0.39331627	0.60668373
1	0.18822517	0.8117748
1	0.011630762	0.9883692
0	0.7969163	0.2030837
1	0.048573446	0.95142657
0	0.51004297	0.4899571
1	0.008390259	0.99160975
1	0.4520126	0.5479874
1	0.32269323	0.6773068
1	0.033883322	0.9661167
1	0.24733964	0.75266033
1	0.20842539	0.79157466
1	0.2045923	0.79540765
1	0.33711562	0.66288435
1	0.2918376	0.70816237
1	0.033433475	0.96656656
0	0.5770136	0.42298633
1	0.20876814	0.7912318
0	0.5147964	0.48520365
1	0.0076776105	0.9923224
0	0.51625055	0.48374942
1	0.3859398	0.6140602
0	0.5983261	0.4016739
1	0.33536634	0.6646337
1	0.26484248	0.7351575
1	0.08635055	0.9136494
0	0.7371736	0.2628264
1	0.44601607	0.553984
1	0.0064332974	0.9935667
0	0.6101296	0.38987046
1	0.10009114	0.89990884
1	0.32703483	0.67296517
0	0.5880878	0.41191223
1	0.1050642	0.8949358
1	0.22023842	0.77976155
0	0.854161	0.14583899
0	0.60105675	0.39894328
1	0.41131786	0.5886821
1	0.41406345	0.5859365
1	0.24365155	0.7563485
0	0.83111507	0.16888492
1	0.26376516	0.73623484
0	0.75227046	0.2477295
1	0.014910194	0.9850898
0	0.6517817	0.34821832
0	0.6439232	0.3560768
1	0.00084938155	0.99915063
1	0.18496166	0.8150384
1	0.0023753343	0.9976247
1	0.00443989	0.99556005
1	0.13075276	0.86924726
0	0.7150129	0.28498706
0	0.55307066	0.44692934
1	0.42246756	0.5775325
1	0.0004125477	0.9995875
0	0.6146138	0.38538626
1	0.0039146882	0.9960853
1	0.48895273	0.5110473
1	0.004615869	0.99538416
0	0.6264539	0.37354615
1	0.33369362	0.6663064
1	0.49497932	0.5050207
1	0.2904403	0.70955974
0	0.69723415	0.30276585
1	0.44932017	0.5506798
1	0.25329122	0.74670875
1	0.21711981	0.7828802
1	0.07090928	0.92909074
1	0.17793223	0.82206774
1	0.004731741	0.9952683
1	0.043435086	0.95656484
1	0.17230298	0.827697
1	0.043819178	0.9561809
0	0.80832034	0.19167961
1	0.028018039	0.971982
1	0.06190376	0.9380963
1	0.017854782	0.9821452
1	0.0627452	0.93725485
1	0.05104893	0.94895107
0	0.7064286	0.29357138
1	0.1428874	0.8571126
1	0.29878205	0.70121795
1	0.24948665	0.7505134
1	0.42520553	0.5747945
1	0.32132524	0.6786748
1	0.024854835	0.97514516
1	0.057371907	0.94262815
1	0.28515473	0.7148453
0	0.8664251	0.13357489
1	0.019164814	0.9808352
0	0.8165802	0.18341987
1	0.23531483	0.7646851
1	0.01371579	0.98628426
1	0.008105418	0.99189454
0	0.51784337	0.48215666
1	0.32348362	0.6765164
1	0.0919435	0.9080565
1	0.2881015	0.7118985
1	0.01848594	0.98151404
1	0.3063653	0.6936347
1	0.32018596	0.6798141
1	0.23391624	0.7660838
1	0.49571174	0.50428826
1	0.0017183681	0.9982816
0	0.800426	0.19957401
0	0.6113195	0.38868055
1	0.2510724	0.74892765
1	0.12642719	0.8735728
1	0.025121508	0.9748785
1	0.4541596	0.5458404
1	0.093708545	0.9062914
1	0.32085297	0.679147
1	0.024331832	0.9756682
1	0.44337484	0.5566251
1	0.10643255	0.8935674
1	0.18249469	0.8175053
1	0.2989151	0.7010849
1	0.004931038	0.9950689
1	0.4926747	0.5073253
0	0.5605723	0.43942767
0	0.60396266	0.39603734
1	0.03264668	0.9673533
1	0.22855492	0.77144504
1	0.13787614	0.86212385
1	0.3546832	0.6453168
0	0.5441909	0.45580915
1	0.08888186	0.9111181
1	0.4757932	0.52420676
1	0.47121745	0.52878255
1	0.27896777	0.72103226
1	0.48048192	0.519518
0	0.66201603	0.3379839
1	0.21274918	0.7872508
1	0.063480236	0.93651974
0	0.61467075	0.38532925
1	0.20200005	0.7979999
1	0.2233619	0.7766381
0	0.79237807	0.2076219
0	0.6182784	0.3817216
1	0.3693993	0.63060075
1	0.056757588	0.9432425
1	0.003924158	0.9960758
1	0.11968151	0.8803185
1	0.35930023	0.6406998
1	0.2264009	0.773599
1	0.2573473	0.7426527
0	0.68603206	0.31396797
1	0.23829722	0.7617028
1	0.26531863	0.73468137
1	0.4498498	0.55015016
1	0.003377948	0.9966221
0	0.58165294	0.4183471
1	0.3604348	0.6395652
0	0.69885176	0.3011482
1	0.27108076	0.7289192
0	0.6824075	0.3175925
1	0.025602048	0.974398
1	0.060930666	0.9390694
1	0.06552533	0.93447465
1	0.30811238	0.6918877
1	0.20915568	0.7908444
0	0.62969637	0.37030363
1	0.40289572	0.59710425
1	0.39299688	0.6070031
1	0.3123843	0.6876157
1	0.24768378	0.75231624
1	0.27087495	0.7291251
1	0.0765581	0.9234419
1	0.103087805	0.89691216
1	0.04935343	0.9506466
1	0.00016287346	0.99983704
1	0.11832917	0.88167083
1	0.006662575	0.9933374
1	0.24762735	0.7523726
1	0.48192328	0.5180767
1	0.021259313	0.97874063
1	0.20652494	0.79347503
1	0.01003785	0.9899622
1	0.38119936	0.6188007
1	0.46845707	0.53154296
1	0.06951488	0.9304851
1	0.010185183	0.98981476
1	0.23999889	0.7600011
0	0.6877091	0.3122909
1	0.07990694	0.92009306
1	0.31356868	0.6864313
1	0.3046099	0.6953901
1	0.4109451	0.58905494
1	0.07553921	0.92446077
1	0.4452033	0.5547967
1	0.15609276	0.8439072
1	0.35209742	0.6479026
0	0.71806	0.28194004
1	0.38233677	0.61766326
1	0.011999061	0.9880009
0	0.9458206	0.054179363
0	0.58779055	0.41220945
1	0.15179491	0.84820515
1	0.009375723	0.99062425
1	0.29264545	0.70735455
0	0.5084947	0.49150535
1	0.013856335	0.9861436
1	0.28501397	0.714986
1	0.25034443	0.7496556
1	0.038307406	0.96169263
1	0.0006021205	0.9993979
1	0.07573148	0.9242685
1	0.17249013	0.8275098
1	0.0109830005	0.989017
0	0.5391281	0.46087185
0	0.6528337	0.3471663
1	0.21272165	0.7872783
1	0.0014487002	0.9985513
1	0.48257482	0.5174252
0	0.89440256	0.105597414
1	0.3114726	0.68852746
0	0.80513155	0.19486845
0	0.81873643	0.18126352
1	0.4405192	0.5594808
1	0.3594137	0.64058626
1	0.119828925	0.8801711
1	0.08899589	0.9110041
1	0.3972183	0.6027817
1	0.022991214	0.97700876
1	0.19699337	0.80300665
1	0.2722288	0.72777116
1	0.4041915	0.5958085
1	0.0870119	0.9129881
1	0.4157441	0.58425593
1	0.30178836	0.69821167
1	0.31568554	0.6843144
1	0.3114939	0.68850607
1	0.26404476	0.73595524
0	0.7948349	0.20516513
1	0.42909274	0.5709073
1	0.0006443632	0.9993556
1	0.065128766	0.93487126
1	0.0017131267	0.9982869
1	0.030566476	0.9694335
0	0.68232054	0.3176795
1	0.15004474	0.84995526
0	0.611809	0.38819098
1	0.45642918	0.5435708
1	0.37196478	0.62803525
1	0.09141187	0.9085881
1	0.11714508	0.8828549
1	0.26374942	0.7362506
1	0.090262	0.90973806
1	0.34264868	0.6573513
1	0.14904581	0.85095423
1	0.07980782	0.9201922
0	0.59112453	0.40887544
1	0.12971723	0.87028277
1	0.14757897	0.85242105
1	0.0015797017	0.99842036
1	0.47510508	0.5248949
1	0.0013307527	0.99866927
1	0.21734482	0.7826552
1	0.30892044	0.69107956
1	0.2163993	0.7836006
0	0.5009328	0.49906722
0	0.5958491	0.40415087
1	0.39257607	0.6074239
1	0.03583895	0.96416104
1	0.28162938	0.71837056
0	0.5509949	0.44900513
0	0.5240094	0.4759906
1	0.16354573	0.8364542
1	0.11930347	0.88069654
1	0.26011485	0.73988515
1	0.18414973	0.8158503
1	0.03244745	0.96755254
1	0.11359692	0.886403
1	0.08996236	0.9100377
1	0.04550937	0.95449066
1	0.19173159	0.8082684
1	0.0026998727	0.9973002
0	0.5751156	0.42488432
1	0.3825703	0.6174297
0	0.6200258	0.37997422
1	0.0038431624	0.9961569
1	0.045870624	0.95412934
1	0.25921753	0.74078244
1	0.15324894	0.8467511
1	0.40316918	0.59683084
1	0.18965405	0.81034595
1	0.47147185	0.52852815
0	0.5101353	0.4898647
1	0.06402757	0.93597245
1	0.4341335	0.5658665
1	0.2688425	0.7311575
1	0.25667894	0.74332106
1	0.22275965	0.77724034
1	0.21586412	0.7841359
1	0.29046604	0.709534
0	0.5260639	0.4739361
1	0.116006896	0.8839931
0	0.50741535	0.49258468
1	0.47584426	0.5241558
1	0.0015715655	0.99842846
1	0.2948172	0.7051828
1	0.008650006	0.99134994
0	0.52702016	0.4729799
1	0.33144936	0.6685506
1	0.19296841	0.8070316
1	0.3705577	0.62944233
1	0.022373283	0.9776267
1	0.14084113	0.8591589
0	0.67900723	0.32099277
1	0.37995034	0.62004966
1	0.20603202	0.79396796
0	0.5857843	0.41421565
0	0.67966616	0.3203338
1	0.0031561763	0.9968438
1	0.48448136	0.51551867
0	0.6176481	0.3823519
1	0.13635296	0.86364704
1	0.35195154	0.6480485
0	0.8627703	0.13722967
1	0.041561536	0.95843846
1	0.26424822	0.7357518
1	0.02750248	0.9724975
1	0.051454302	0.9485457
1	0.028234497	0.97176546
1	0.35393542	0.6460645
1	0.15914069	0.8408593
1	0.3063496	0.6936504
1	0.11505876	0.8849413
1	0.26284236	0.73715764
1	0.118240476	0.8817595
0	0.61975056	0.38024938
0	0.71591145	0.28408852
0	0.8119362	0.1880638
0	0.7858501	0.21414989
0	0.7803213	0.2196787
1	0.11784521	0.88215476
1	0.23813666	0.7618633
1	0.32849973	0.6715003
0	0.80963135	0.19036865
1	0.0725261	0.9274739
0	0.57067263	0.4293274
0	0.88467854	0.11532146
1	0.39067745	0.60932255
0	0.6657139	0.33428612
1	0.22716442	0.7728356
1	0.07971988	0.9202801
1	0.2043261	0.7956739
1	0.04870665	0.9512933
1	0.2221279	0.77787215
1	0.49628082	0.5037192
1	0.084908046	0.915092
1	0.3035725	0.69642746
1	0.30587015	0.6941299
0	0.683687	0.316313
1	0.31749108	0.68250895
1	0.35837513	0.64162487
1	0.28767547	0.71232456
1	0.019321078	0.9806789
1	0.27371883	0.72628117
1	0.18826531	0.8117347
1	0.26698107	0.73301893
0	0.8377952	0.1622048
1	0.38689533	0.61310464
1	0.26945755	0.7305424
1	0.40715742	0.59284264
1	0.32455197	0.67544806
1	0.3199976	0.6800024
0	0.90636927	0.093630776
0	0.65909326	0.3409068
1	0.19330645	0.80669355
1	0.24172564	0.7582744
1	0.29940152	0.7005985
1	0.050499603	0.9495004
0	0.8127243	0.18727571
0	0.89647835	0.10352168
1	0.25476468	0.7452353
0	0.9229649	0.077035174
0	0.7859534	0.21404663
0	0.8616236	0.13837636
1	0.24204886	0.75795114
1	0.40417764	0.59582233
1	0.22678916	0.7732109
1	0.00649076	0.99350923
1	0.25604013	0.7439599
1	0.397968	0.602032
1	0.05549479	0.9445052
0	0.65351844	0.34648153
1	0.053108253	0.9468918
1	0.392275	0.607725
1	0.42696792	0.57303214
1	0.37321854	0.62678146
0	0.50439364	0.4956064
1	0.3570764	0.64292353
0	0.6395232	0.36047682
0	0.7291056	0.27089438
0	0.70285344	0.29714656
1	0.17158666	0.82841337
1	0.3620859	0.63791406
0	0.99487054	0.0051294346
0	0.99202865	0.007971344
0	0.5071405	0.49285954
0	0.67189986	0.32810014
0	0.8688261	0.13117386
0	0.514822	0.48517796
0	0.9948085	0.005191542
0	0.687024	0.312976
1	0.4983539	0.5016461
0	0.76613295	0.23386708
0	0.55651075	0.44348928
0	0.9967817	0.0032182613
0	0.97574496	0.024255022
0	0.9914717	0.008528349
0	0.6090679	0.39093214
0	0.50091463	0.4990854
1	0.49465516	0.5053448
0	0.9894113	0.010588647
0	0.64647585	0.35352415
0	0.58303505	0.41696492
0	0.9704652	0.02953482
0	0.9859801	0.01401991
0	0.9953484	0.0046515674
0	0.99088544	0.00911459
0	0.98926216	0.010737836
0	0.74971867	0.2502813
0	0.8093919	0.19060808
0	0.8750343	0.1249657
0	0.990139	0.009861053
0	0.98440003	0.015599968
0	0.81513727	0.18486273
0	0.7787611	0.2212389
0	0.9949738	0.0050262627
0	0.9744864	0.025513586
0	0.9820003	0.017999727
0	0.99125576	0.008744214
0	0.667965	0.332035
0	0.91406655	0.08593351
1	0.4511924	0.54880756
1	0.28985432	0.71014565
0	0.80706334	0.19293672
1	0.40134272	0.5986573
1	0.43145978	0.5685402
0	0.5501832	0.4498168
0	0.98488796	0.015112051
0	0.73955363	0.2604464
0	0.96703535	0.032964714
0	0.675116	0.324884
0	0.877374	0.122625954
0	0.97914886	0.020851178
0	0.6439579	0.35604212
0	0.9974362	0.0025638163
1	0.27800226	0.72199774
0	0.7733929	0.22660704
0	0.61356276	0.38643724
0	0.99374783	0.0062522027
0	0.99720097	0.0027990753
0	0.736826	0.263174
0	0.64598864	0.3540114
1	0.4754933	0.52450675
0	0.86089134	0.13910864
0	0.9466818	0.053318195
0	0.99095494	0.009045056
0	0.99123317	0.008766843
1	0.4595349	0.54046506
0	0.9918582	0.008141822
0	0.7089302	0.29106984
0	0.8085268	0.19147319
0	0.9973683	0.0026316952
0	0.78818184	0.21181816
1	0.49492735	0.50507265
0	0.9771304	0.022869537
0	0.815521	0.18447904
0	0.75590616	0.2440938
1	0.31759763	0.6824023
0	0.99327266	0.0067273183
0	0.85229224	0.14770772
0	0.78824186	0.21175812
0	0.9866273	0.013372727
0	0.9919293	0.008070713
0	0.5739308	0.42606917
0	0.8542862	0.14571379
0	0.53385687	0.46614316
1	0.24440832	0.75559175
0	0.9152743	0.08472572
0	0.9917868	0.0082131885
1	0.49305674	0.5069432
0	0.86690575	0.13309427
0	0.9962148	0.003785202
0	0.81378585	0.18621418
1	0.28726712	0.71273285
0	0.9851805	0.014819489
0	0.5507023	0.44929773
0	0.9957372	0.004262746
0	0.98530096	0.014699054
0	0.9343506	0.06564937
1	0.38594297	0.61405706
0	0.83448344	0.16551659
0	0.6294262	0.37057388
0	0.86098313	0.13901682
0	0.9953121	0.0046878457
0	0.99342865	0.0065713646
0	0.9222768	0.07772326
0	0.9926542	0.0073457705
0	0.8751258	0.1248742
0	0.7217919	0.2782081
0	0.6196572	0.38034278
0	0.6945281	0.3054719
1	0.49582914	0.50417084
1	0.19085468	0.8091453
0	0.9270455	0.0729545
0	0.5813908	0.41860914
0	0.97736907	0.022630908
0	0.99370605	0.0062940074
0	0.9298414	0.07015859
0	0.93273944	0.067260556
0	0.9909406	0.009059475
0	0.72011775	0.27988225
0	0.7878944	0.21210559
0	0.99103045	0.008969499
0	0.9738922	0.02610783
0	0.9873482	0.012651857
0	0.99621296	0.0037870526
0	0.72791237	0.27208766
0	0.8815906	0.118409336
0	0.8826312	0.11736879
0	0.66475844	0.33524162
0	0.50085825	0.49914178
1	0.493905	0.50609493
0	0.75527906	0.244721
0	0.99193925	0.008060717
0	0.98665255	0.0133473715
0	0.8714541	0.12854585
0	0.87632746	0.12367249
0	0.9940538	0.0059462874
0	0.98871624	0.011283715
1	0.010246426	0.9897536
0	0.819601	0.18039899
0	0.97124565	0.028754327
0	0.85301393	0.14698605
1	0.35620674	0.6437932
0	0.98399323	0.016006798
1	0.19685495	0.80314505
0	0.99228936	0.0077106385
1	0.4839757	0.51602423
0	0.99191487	0.00808516
0	0.9761104	0.023889624
0	0.89952457	0.10047545
1	0.22258726	0.7774128
0	0.99529123	0.0047088014
0	0.8239418	0.17605817
0	0.65105826	0.34894177
0	0.8433708	0.15662915
1	0.17760004	0.8224
0	0.5840959	0.41590405
0	0.61396796	0.38603204
0	0.6795069	0.32049307
1	0.42819664	0.57180333
0	0.9242757	0.07572424
0	0.98583245	0.01416759
0	0.815655	0.18434502
0	0.81460893	0.18539105
0	0.53359437	0.4664057
1	0.31629217	0.68370783
0	0.6150621	0.38493788
0	0.99765307	0.00234697
0	0.5998662	0.40013376
0	0.99246323	0.007536748
0	0.7035481	0.29645187
0	0.5862839	0.41371608
0	0.98970604	0.010293984
0	0.9869747	0.013025258
0	0.99756783	0.0024320842
1	0.3350062	0.66499376
0	0.9929939	0.0070060403
0	0.98744303	0.012556988
0	0.69395	0.30604997
0	0.98159355	0.018406525
0	0.76938283	0.23061717
0	0.98202217	0.01797783
0	0.7151585	0.28484148
1	0.49177104	0.50822896
0	0.61931556	0.38068447
0	0.8884834	0.11151664
0	0.76238436	0.2376156
0	0.9961593	0.003840622
0	0.90198827	0.09801177
0	0.9275468	0.072453156
0	0.82709455	0.17290542
0	0.8549538	0.14504614
0	0.9959772	0.0040227436
0	0.8212921	0.17870785
0	0.5425733	0.45742676
0	0.591579	0.40842095
0	0.9945327	0.0054673273
0	0.99582505	0.004174952
0	0.58059597	0.41940403
0	0.669649	0.33035102
0	0.9574091	0.042590845
0	0.92725706	0.07274297
1	0.2693102	0.73068976
0	0.54560906	0.454391
0	0.67291075	0.32708925
0	0.9931664	0.006833598
0	0.828754	0.171246
0	0.9959532	0.0040467875
0	0.9784725	0.021527523
0	0.9705556	0.029444464
0	0.9774419	0.022558074
1	0.1201246	0.8798754
0	0.9946872	0.005312815
1	0.07718847	0.92281157
0	0.84579664	0.15420334
0	0.54742014	0.45257983
0	0.5216439	0.47835618
0	0.65584093	0.34415913
0	0.80566955	0.19433047
0	0.99658704	0.003412941
0	0.9933522	0.0066477945
1	0.3535093	0.64649063
1	0.2119971	0.7880029
0	0.57843596	0.42156407
0	0.64248276	0.35751727
1	0.36784273	0.63215727
0	0.81152433	0.18847565
0	0.7460016	0.25399843
1	0.2812754	0.71872455
0	0.8181384	0.18186156
0	0.5319151	0.46808484
0	0.54993904	0.45006096
0	0.91183287	0.08816714
0	0.52617276	0.4738272
0	0.74260086	0.25739917
0	0.978965	0.021035
1	0.4723752	0.5276248
1	0.46860352	0.5313965
0	0.99039286	0.009607102
0	0.9913244	0.0086755715
1	0.44594705	0.55405295
0	0.7415438	0.2584562
0	0.9883045	0.01169545
0	0.99038905	0.009610996
0	0.73708135	0.2629186
0	0.53174865	0.46825135
0	0.9966673	0.0033327262
0	0.5202783	0.4797217
0	0.8146052	0.18539478
0	0.9591367	0.040863242
0	0.6789605	0.32103947
0	0.6451672	0.3548329
1	0.20775226	0.7922478
0	0.8249711	0.17502888
1	0.3873398	0.61266017
0	0.98957753	0.010422438
0	0.8483448	0.15165524
1	0.3990936	0.60090643
0	0.99357444	0.0064255507
0	0.71104985	0.2889501
0	0.9687571	0.031242916
0	0.8344689	0.1655311
0	0.98282766	0.017172378
0	0.7727976	0.2272024
0	0.9878898	0.012110164
1	0.23655596	0.763444
0	0.77170426	0.22829579
0	0.5983548	0.40164518
0	0.99068177	0.009318242
0	0.9949655	0.00503453
1	0.3915453	0.6084547
0	0.55365884	0.4463412
0	0.5223096	0.47769037
0	0.8950323	0.104967706
1	0.42999756	0.57000244
0	0.9954464	0.0045536314
1	0.45836592	0.5416341
1	0.31255803	0.687442
0	0.9585904	0.041409582
0	0.9974663	0.0025336624
1	0.19610861	0.80389136
0	0.98758453	0.012415473
0	0.99611306	0.003886937
0	0.99614394	0.0038559954
0	0.8640509	0.13594906
1	0.48966628	0.5103337
0	0.6747239	0.32527605
0	0.907769	0.09223103
0	0.6484658	0.35153425
1	0.42526054	0.5747394
1	0.3720399	0.62796015
0	0.94904053	0.05095947
0	0.70855165	0.29144835
0	0.8336673	0.16633266
0	0.8588244	0.14117561
0	0.99385464	0.006145401
0	0.99323153	0.006768469
0	0.7781532	0.22184686
0	0.99135137	0.008648657
0	0.5857136	0.4142864
0	0.9918916	0.0081083905
0	0.69177336	0.30822664
0	0.99649847	0.0035014898
0	0.6607819	0.33921808
1	0.29948887	0.7005111
0	0.51832676	0.4816732
0	0.98870474	0.011295228
0	0.7837557	0.21624433
0	0.85210854	0.14789146
0	0.8335656	0.16643444
1	0.25693583	0.7430642
0	0.8703862	0.12961376
0	0.9941918	0.0058081076
0	0.9863197	0.0136802215
0	0.64774776	0.35225227
0	0.9322565	0.067743555
0	0.59959537	0.40040466
0	0.80116624	0.1988338
0	0.9890605	0.010939521
0	0.555462	0.44453797
0	0.987193	0.012807045
0	0.99306023	0.0069398084
0	0.7670604	0.23293954
0	0.51293004	0.48706996
1	0.47123072	0.52876925
0	0.735143	0.26485705
0	0.9952696	0.0047304183
0	0.5257544	0.4742456
0	0.60221267	0.39778733
0	0.5969641	0.4030359
0	0.9961216	0.003878435
0	0.8144161	0.18558386
0	0.99223596	0.007763973
0	0.99260265	0.0073974067
0	0.994263	0.005737037
0	0.66614276	0.33385724
0	0.9888024	0.011197634
1	0.39182916	0.6081708
0	0.7131922	0.28680784
0	0.9951668	0.0048332014
0	0.96532637	0.034673624
0	0.65971965	0.34028032
0	0.7052003	0.2947997
0	0.9865285	0.013471475
0	0.7075758	0.29242426
0	0.73397845	0.26602155
0	0.6831257	0.3168743
0	0.99258864	0.0074113263
0	0.82282597	0.17717399
0	0.766278	0.23372202
1	0.3108787	0.6891213
0	0.9286128	0.0713872
0	0.9959318	0.004068205
0	0.9902406	0.009759426
0	0.74835235	0.25164768
0	0.98910975	0.010890208
0	0.88708806	0.11291196
1	0.27565578	0.7243442
0	0.9838049	0.016195143
0	0.5583136	0.44168645
0	0.98685104	0.013148949
0	0.9871703	0.012829744
0	0.8969864	0.103013635
1	0.31671697	0.683283
0	0.910273	0.08972696
0	0.693842	0.30615798
0	0.98929477	0.010705306
1	0.3017626	0.69823736
1	0.31185073	0.6881492
0	0.89689606	0.10310397
0	0.9980558	0.0019441581
0	0.84167504	0.15832499
1	0.45159906	0.548401
1	0.288423	0.71157706
0	0.8884246	0.11157547
1	0.2737229	0.7262771
0	0.84909564	0.15090433
0	0.8909661	0.109033875
0	0.9943552	0.0056447634
0	0.98977494	0.01022505
0	0.5559945	0.44400546
0	0.99343586	0.0065641054
1	0.24861234	0.7513877
1	0.23577791	0.76422215
0	0.77124274	0.2287573
0	0.9194416	0.08055838
1	0.46299368	0.5370063
0	0.5906887	0.40931132
1	0.021129342	0.97887063
1	0.46204427	0.53795576
0	0.6833434	0.31665662
1	0.03367212	0.96632785
0	0.9891043	0.010895737
1	0.42800608	0.57199395
0	0.99707115	0.0029287848
0	0.68134546	0.31865454
0	0.99244237	0.007557699
1	0.24886039	0.75113964
0	0.9926643	0.0073356456
0	0.6296307	0.37036932
0	0.99583745	0.004162564
0	0.9951539	0.0048461594
1	0.45965847	0.54034156
0	0.62966436	0.37033567
0	0.99255013	0.0074498816
0	0.78013027	0.21986975
0	0.7431064	0.2568936
0	0.98376507	0.016234932
1	0.21081527	0.78918475
0	0.9277219	0.07227815
0	0.97255695	0.027443053
0	0.7276054	0.27239457
0	0.8061033	0.19389676
1	0.19502193	0.8049781
0	0.78671306	0.21328697
0	0.5938359	0.40616414
0	0.99520797	0.0047919983
1	0.23615123	0.7638488
0	0.9082933	0.09170666
1	0.21076201	0.7892379
1	0.32391387	0.6760862
0	0.9740881	0.025911931
0	0.9967552	0.0032448575
1	0.45384836	0.5461517
0	0.7966562	0.2033438
0	0.5424854	0.45751458
0	0.55128556	0.4487144
0	0.59784645	0.40215355
0	0.70209545	0.29790455
0	0.9454436	0.054556374
1	0.46274406	0.53725594
0	0.99644214	0.003557869
0	0.9895628	0.010437248
1	0.32981738	0.67018265
0	0.9942999	0.005700064
0	0.5736479	0.4263521
0	0.8948922	0.105107784
0	0.9751975	0.024802437
0	0.8066883	0.19331174
0	0.8546132	0.14538676
0	0.61937845	0.38062158
0	0.58417594	0.41582403
1	0.45475096	0.545249
0	0.7291551	0.27084488
1	0.4573711	0.54262894
0	0.7015301	0.29846987
1	0.4845879	0.5154121
0	0.9867606	0.013239401
0	0.50686073	0.49313927
0	0.9955544	0.00444565
0	0.5502709	0.4497291
1	0.1087222	0.89127785
0	0.92163515	0.07836485
0	0.8223693	0.17763072
1	0.35745835	0.6425416
0	0.9859148	0.014085217
0	0.8206826	0.17931737
1	0.45107418	0.5489259
0	0.71161425	0.28838572
0	0.521009	0.478991
0	0.99690443	0.0030955519
1	0.29610878	0.7038912
0	0.97827256	0.021727413
0	0.5169351	0.4830649
0	0.98655254	0.0134475045
1	0.043306924	0.95669305
0	0.74413913	0.25586087
0	0.6299514	0.37004864
0	0.9915975	0.008402603
0	0.6771954	0.32280454
0	0.85480845	0.14519152
0	0.8431122	0.15688783
0	0.6000074	0.39999261
0	0.9942889	0.0057110037
0	0.62645936	0.37354067
0	0.60209507	0.39790487
0	0.8858671	0.1141329
0	0.9803641	0.019635953
1	0.3110156	0.6889844
0	0.81345844	0.18654154
0	0.9752348	0.024765212
0	0.79719245	0.20280759
0	0.89572513	0.1042749
0	0.86551136	0.13448861
0	0.86746216	0.13253783
0	0.99113643	0.008863565
1	0.48602664	0.5139734
0	0.7631405	0.23685957
0	0.8429776	0.15702245
0	0.75611204	0.24388799
0	0.5371112	0.4628888
0	0.99187547	0.008124617
0	0.76528007	0.23471998
0	0.7984559	0.20154406
0	0.9115765	0.08842349
1	0.38413346	0.6158666
0	0.9899984	0.010001562
0	0.99562955	0.0043705152
1	0.22512695	0.774873
0	0.9779214	0.022078602
0	0.59495705	0.40504295
1	0.32140312	0.67859685
0	0.612588	0.38741207
0	0.50501144	0.4949885
0	0.5310512	0.46894884
1	0.25089067	0.7491093
0	0.7394669	0.26053306
0	0.61287636	0.38712367
0	0.9929054	0.0070945974
1	0.12898701	0.87101305
0	0.9846384	0.015361656
0	0.9929409	0.007059118
0	0.81443906	0.18556097
0	0.99241537	0.0075846924
0	0.8448029	0.15519713
1	0.3757885	0.6242115
0	0.73990685	0.2600932
0	0.785344	0.21465603
1	0.4476409	0.5523591
1	0.34726202	0.652738
0	0.9918424	0.008157606
0	0.96774185	0.032258198
1	0.30154884	0.69845116
0	0.5024756	0.49752444
0	0.52557725	0.47442278
0	0.9923943	0.0076056714
0	0.9966259	0.0033741742
1	0.119722955	0.88027704
0	0.9840306	0.015969437
0	0.9859505	0.014049464
0	0.9764864	0.023513624
0	0.5051838	0.49481615
0	0.98230064	0.01769932
0	0.990943	0.0090569705
0	0.91486686	0.085133165
0	0.9794957	0.020504268
1	0.055856526	0.9441435
0	0.6740862	0.3259138
1	0.41264445	0.58735555
0	0.65862817	0.3413718
0	0.6687896	0.3312104
0	0.9050484	0.09495163
0	0.9966184	0.0033815743
0	0.8212831	0.17871685
0	0.9728759	0.027124029
0	0.58228654	0.41771346
0	0.9230822	0.076917805
0	0.9836537	0.016346302
1	0.24457236	0.75542766
1	0.49081498	0.509185
0	0.50035596	0.49964404
0	0.79850924	0.20149073
0	0.8166801	0.18331993
0	0.64956135	0.35043868
0	0.9902264	0.009773598
0	0.97302556	0.026974488
0	0.99493235	0.0050676665
1	0.45716467	0.54283535
0	0.9741554	0.025844581
0	0.98195297	0.018047048
0	0.983622	0.016377948
0	0.82388455	0.17611544
0	0.7905941	0.2094059
0	0.9415705	0.0584295
0	0.84717166	0.15282832
1	0.44303063	0.55696934
0	0.98719585	0.012804104
0	0.85050577	0.14949425
0	0.99188954	0.008110441
0	0.99795926	0.0020407417
0	0.9904755	0.009524568
0	0.5299752	0.47002482
0	0.8780623	0.12193764
0	0.90496993	0.09503009
0	0.61631024	0.38368976
0	0.7545545	0.2454455
0	0.7145057	0.2854944
0	0.99728703	0.0027129215
1	0.33977863	0.6602214
1	0.45903143	0.54096854
0	0.9399364	0.06006356
0	0.8480489	0.15195104
0	0.9959908	0.0040092077
1	0.42687178	0.5731283
0	0.99444675	0.005553287
0	0.7875264	0.21247356
0	0.99724305	0.002756964
0	0.98738384	0.012616089
0	0.86376506	0.13623491
0	0.6992849	0.3007151
0	0.99370897	0.0062909867
0	0.98609793	0.013902064
0	0.69059014	0.30940986
0	0.9952643	0.0047356584
0	0.69401246	0.3059875
0	0.99061954	0.009380469
1	0.389787	0.610213
1	0.47807622	0.5219238
0	0.82891697	0.17108302
0	0.98136395	0.018636037
0	0.9929749	0.007025077
0	0.676714	0.32328594
0	0.64816153	0.35183844
0	0.9921279	0.007872098
0	0.8327969	0.16720313
0	0.894417	0.105583005
1	0.383567	0.616433
0	0.9887736	0.011226386
1	0.29805294	0.7019471
0	0.9915241	0.0084759295
0	0.9940252	0.0059748045
0	0.985741	0.014258919
0	0.98493236	0.01506761
0	0.997512	0.0024880455
0	0.798526	0.20147406
0	0.99604577	0.003954256
0	0.9922501	0.007749939
0	0.60861	0.39139
0	0.98908603	0.010913944
0	0.87533534	0.1246647
1	0.37989497	0.620105
0	0.8607427	0.13925736
0	0.9963031	0.003696878
0	0.8825969	0.11740304
0	0.9960217	0.00397837
0	0.8282535	0.17174645
0	0.77805436	0.22194564
0	0.99331576	0.006684284
0	0.99166167	0.008338277
0	0.76918525	0.23081477
0	0.6851161	0.31488386
0	0.90327954	0.09672046
0	0.9931344	0.0068656076
0	0.9890653	0.010934712
1	0.47813407	0.52186596
0	0.9961461	0.0038539465
0	0.75911564	0.2408844
0	0.83409345	0.16590652
0	0.5887974	0.41120258
0	0.5484254	0.4515746
1	0.23898827	0.7610117
0	0.82345665	0.17654338
0	0.7771444	0.2228557
1	0.04296343	0.95703655
0	0.6956152	0.30438477
0	0.7561665	0.24383351
0	0.81283134	0.18716861
0	0.5782864	0.4217136
1	0.294023	0.705977
0	0.98502666	0.014973351
0	0.82258326	0.17741671
0	0.99602544	0.0039745746
0	0.50574505	0.49425498
0	0.8923703	0.107629776
0	0.7858023	0.21419765
0	0.9871104	0.012889665
0	0.9113024	0.08869753
0	0.9809085	0.019091439
0	0.6383734	0.36162665
0	0.70716506	0.2928349
0	0.9965501	0.0034499133
0	0.8089866	0.1910134
0	0.88891274	0.11108728
1	0.2785559	0.72144413
0	0.9827641	0.01723592
0	0.90472996	0.095270045
1	0.37338778	0.6266122
0	0.8304648	0.16953522
0	0.98193836	0.018061634
0	0.5927589	0.40724105
0	0.9370035	0.06299654
0	0.98841196	0.011588041
0	0.9828735	0.017126525
0	0.83621836	0.16378161
1	0.2774232	0.7225768
0	0.9925706	0.0074294275
0	0.8088791	0.19112098
0	0.7713261	0.22867393
0	0.9905453	0.009454702
1	0.4591361	0.54086393
0	0.8308571	0.16914296
0	0.6936366	0.30636343
0	0.90183395	0.09816604
0	0.5347552	0.4652448
0	0.9903424	0.009657583
0	0.5797845	0.42021546
0	0.80302614	0.1969738
0	0.9913783	0.00862168
0	0.5564662	0.4435338
0	0.85914266	0.14085737
0	0.8605728	0.13942723
0	0.7132304	0.28676963
0	0.7915777	0.20842227
0	0.9950841	0.004915814
0	0.5277838	0.4722162
0	0.9890639	0.01093609
0	0.79350686	0.20649312
0	0.7005532	0.2994468
0	0.92601085	0.07398918
1	0.27574185	0.7242581
1	0.45454141	0.5454586
1	0.4079056	0.5920944
1	0.13569437	0.8643056
0	0.91278833	0.0872117
1	0.4398501	0.5601499
0	0.9935709	0.0064291046
0	0.6696994	0.33030063
0	0.79403317	0.2059668
0	0.9895642	0.010435821
0	0.9925142	0.007485773
0	0.82162315	0.1783769
1	0.13877766	0.8612223
0	0.9874879	0.012512109
0	0.9951368	0.0048631714
1	0.48446408	0.5155359
0	0.9814465	0.018553527
0	0.9945155	0.0054844944
0	0.99712014	0.002879873
0	0.996036	0.0039640283
0	0.9735025	0.02649749
0	0.99356186	0.0064381817
0	0.6498394	0.35016063
0	0.6582816	0.34171838
0	0.86523044	0.13476954
1	0.3088094	0.69119054
0	0.9904975	0.009502412
0	0.99251986	0.0074801277
0	0.9951302	0.004869785
0	0.99423486	0.0057651917
0	0.8546271	0.14537293
0	0.7007906	0.29920936
0	0.87368065	0.12631933
0	0.80743515	0.19256479
1	0.4210308	0.57896924
0	0.8217658	0.17823422
0	0.99369276	0.0063072057
0	0.98839825	0.011601796
0	0.8489357	0.15106428
0	0.56789327	0.4321067
0	0.5363102	0.46368977
0	0.9863239	0.0136760855
0	0.83886725	0.16113272
0	0.57318896	0.42681107
0	0.9895188	0.010481255
0	0.9738766	0.026123427
0	0.9921463	0.007853704
0	0.9940876	0.0059124366
1	0.49567947	0.5043205
0	0.73652416	0.26347587
1	0.43071118	0.56928885
1	0.40104443	0.5989556
0	0.9863399	0.013660092
1	0.39329118	0.6067088
0	0.9052865	0.094713524
0	0.8734848	0.12651527
0	0.8194511	0.18054892
0	0.99653023	0.0034697687
0	0.779428	0.22057194
0	0.74339134	0.2566086
0	0.9134367	0.08656333
0	0.64713013	0.35286984
0	0.9912038	0.0087962
0	0.98911816	0.010881829
1	0.41123033	0.5887697
0	0.60036576	0.3996342
0	0.87163216	0.12836783
0	0.9899421	0.010057942
1	0.45553768	0.5444623
0	0.678994	0.321006
0	0.70464414	0.29535583
0	0.9831839	0.01681605
0	0.8237466	0.17625341
0	0.5267659	0.47323412
0	0.88187087	0.118129134
0	0.86906195	0.1309381
1	0.25001657	0.74998343
0	0.8862797	0.11372035
0	0.7142622	0.2857378
0	0.99537885	0.00462115
0	0.9946181	0.0053818636
0	0.9839676	0.016032467
0	0.9269508	0.07304924
0	0.7887286	0.21127142
0	0.9823515	0.017648464
0	0.63275176	0.3672482
0	0.83380526	0.16619472
0	0.5319445	0.4680555
0	0.57449716	0.42550278
1	0.35823724	0.64176273
0	0.99495584	0.005044155
0	0.76949865	0.23050137
0	0.9860195	0.013980562
0	0.79073745	0.20926255
0	0.63284105	0.36715892
0	0.84104055	0.15895943
0	0.5644351	0.43556482
0	0.7379718	0.26202825
0	0.8746111	0.125389
0	0.9402042	0.059795793
0	0.8731955	0.12680443
1	0.3447097	0.65529025
1	0.34074864	0.65925133
1	0.42755738	0.57244265
0	0.72498584	0.27501416
1	0.4897797	0.5102203
0	0.9956441	0.0043559293
0	0.9445109	0.05548917
0	0.6820397	0.31796032
0	0.99598503	0.004014985
0	0.9910585	0.008941487
0	0.9967339	0.0032660891
0	0.7852271	0.21477284
0	0.55691546	0.44308454
1	0.30775234	0.6922476
1	0.36025116	0.6397488
0	0.5363941	0.46360588
0	0.69705254	0.30294746
0	0.98293144	0.017068582
0	0.8437095	0.15629044
0	0.5392586	0.46074137
0	0.6812339	0.31876606
0	0.9918234	0.008176571
0	0.5727404	0.42725962
1	0.33872685	0.6612731
1	0.26858848	0.7314115
1	0.47998938	0.52001065
0	0.99190265	0.008097311
1	0.32712942	0.67287064
0	0.99642545	0.0035745166
0	0.9904128	0.009587182
0	0.98983455	0.010165502
0	0.63815504	0.361845
0	0.64731246	0.3526875
0	0.99145484	0.0085451305
0	0.9810922	0.018907769
0	0.56475675	0.43524325
0	0.81445974	0.18554026
0	0.9804544	0.019545607
0	0.68372166	0.31627834
1	0.446204	0.553796
0	0.9888939	0.01110605
0	0.7653328	0.2346672
1	0.49343956	0.50656044
0	0.993956	0.0060440293
0	0.875531	0.12446896
0	0.7020506	0.2979493
1	0.33356875	0.66643125
0	0.8292383	0.17076166
0	0.9950512	0.004948808
0	0.68657404	0.313426
0	0.6561748	0.34382516
1	0.36487588	0.6351241
0	0.58998245	0.4100175
0	0.8717864	0.12821355
0	0.99614406	0.0038559001
0	0.98456985	0.015430166
0	0.9916608	0.00833922
0	0.9930943	0.0069057485
0	0.81095165	0.18904833
0	0.77993816	0.22006184
0	0.56712043	0.4328796
0	0.9171822	0.08281778
0	0.98523664	0.014763391
0	0.9909897	0.00901032
0	0.987745	0.012255017
0	0.64075667	0.3592433
0	0.6048486	0.3951514
1	0.47823626	0.52176374
0	0.92782617	0.072173804
0	0.50691694	0.49308306
1	0.476454	0.523546
0	0.77784866	0.2221513
0	0.75248826	0.24751176
0	0.77475566	0.22524436
1	0.41743362	0.5825664
0	0.5813286	0.41867143
0	0.78661346	0.21338657
0	0.84657806	0.15342198
0	0.79690164	0.20309836
1	0.3407195	0.6592805
1	0.34189308	0.65810686
0	0.8066057	0.19339433
0	0.6848643	0.31513572
0	0.8402997	0.15970032
0	0.8311656	0.1688344
0	0.6327162	0.3672838
0	0.86398405	0.13601589
0	0.83989435	0.16010565
0	0.50988716	0.49011284
0	0.99260724	0.0073927334
0	0.68899244	0.3110076
0	0.989169	0.010831013
0	0.78448814	0.21551186
0	0.6193257	0.38067433
1	0.3151706	0.6848294
0	0.85608095	0.14391902
0	0.8636487	0.1363513
0	0.8664358	0.13356423
1	0.23668525	0.7633148
0	0.9891326	0.0108674485
0	0.8063759	0.19362403
0	0.68848264	0.31151736
0	0.81048375	0.18951623
0	0.9849474	0.0150525365
0	0.99044865	0.0095513435
0	0.9970079	0.0029921646
0	0.7212995	0.2787005
0	0.99244106	0.007558915
1	0.44947135	0.5505286
1	0.44149604	0.5585039
0	0.70638776	0.29361224
0	0.9012348	0.09876518
0	0.5602425	0.43975753
0	0.7926053	0.20739475
0	0.95426154	0.04573841
1	0.342314	0.65768594
0	0.5721861	0.42781392
0	0.9836849	0.016315147
0	0.9375588	0.062441196
0	0.98394483	0.016055191
0	0.99319965	0.006800365
0	0.58425826	0.4157417
0	0.69979066	0.30020937
1	0.25694227	0.7430577
